5000A
1796
18019
4895151834552
4895151835061
ZL10AESTAM
4895151835085
ZL10BESTAM
4895151822870
4895151822573
ZL12AESTAM
4895151822597
4895151834675
4895151834958
4895151822894
4895151834705
4895151834347
4895151834583
4895151835047
ZL2BESTAM
4895151834897
4895151835108
4895151822559
ZL3ESTAM
4895151834989
4895151835009
4895151834767
4895151834828
4895151822931
3057069207014
7898923964805
724049205591
609963921560
724049205584
104
103
AT10341
302
108
DK30554
ASH101
609963918607
609963918072
7898915411553
7898915411409
7898915411430
742832800174
742832179553
742832800198
7898659810100
7898659810124
7898659810117
7898659810131
7898659810155
7898659810148
798190162089
7898629670642
7898629670673
7898629670703
7898629670796
5287000202145
3057068103720
3057068185702
3057068255788
3057068029709
3057068015986
3057068195787
3057068215782
3057068067787
5289000097448
5285009390993
5289000097424
5289000097431
7898950283146
7898950283238
7898950283306
7898950283160
7898950283153
7898950283313
7898958790165
7898958790172
8414775015541
8414775015619
8414775012564
8414775012571
7891238011202
7891238012025
7891238012018
7898923244013
5010062951108
7898313930052
41689300494
1479
7898313930151
5010062333003
840110700120
7898313930106
7898313930090
70330909229
70330913431
6971407389996
3057069218010
3057069219017
4014856211547
AT8140
7893590202021
798190053134
41689560010
5010062722999
41689200657
7891238101002
7891236101059
AT8012
AT8008
99
100
217
TM0246
TM0240
TM0241
AT8007
002N
001N
098M
3
5
62
63
61
60
415
ST8141
TRIHEX
TRI55
PH5811
PH1872
PH5846
PH1816
5601766700415
7798160150040
7798160150026
7891136057012
8421735000912
8008960136120
8002153237632
8002153232651
7898010861161
7898951370371
7898951370357
7898255980504
7896002110921
7897877000249
7898010860164
5602720044057
7804320087016
7804320256900
7804320510187
7804320985633
7804320750354
7804320131344
7804320301174
8411277205678
8411277205654
8411277205692
5601271004909
5601271004916
3259354115008
7808725409169
7808725409022
7808725409176
8003287000017
7804320148397
7804320116952
7804320116921
7804320116815
7896080001401
8410162100036
8410261400013
8410261400099
8410261400006
5602720014074
7804671790030
5601954000945
3936
8410023019132
8410023015912
7804300149789
7804300010638
7804300122805
7798081661939
7804300120603
7804300137366
5010677715003
8000570000433
7898422679224
7898422679231
5000289020701
7898566870013
7898566870020
5000291020706
7898339115990
7898339116034
7798160151184
7798160150606
7790805750233
7790805730006
7790805730051
7809585502380
7809585508955
3760027130957
3259353114002
6001495062508
5011013100132
3035542004206
8410221110150
4067700015044
7891121202007
7891121201000
7891121204001
7891121205008
7891121212006
7891121203004
7891121219005
7891121208009
7891121213003
7891121218008
7891121206005
7891121214000
7891121210002
7891121294002
7891125000074
7891125000104
7896756800086
7896756800116
7896756800093
7896756803018
7896756803032
7896756805470
7896756802981
7896756803001
5609975111046
5609975111152
8033148200737
5602947000058
5602947000201
5602947000416
5602947000713
5602947000010
5601174203508
5601174190006
5601174205007
5601174204000
8005017101605
7809579812129
7809579812112
7896607100174
7896607100044
8421950950887
5601144362006
618231360345
618231780969
618231360307
618231360321
60260
60253
60238
60239
618231360284
618231360277
618231360314
618231360338
618231360291
8033148200829
7891125064038
7891050004734
7891050004307
7891121021004
7897877000263
7804300123871
7804300003234
7804300121853
7804300126681
7804300123512
7798081667481
7804300121846
7804300147242
7804300003227
7804300011420
7804300122874
7898929540720
8410261041209
7501035010109
7790975001500
7790975001487
7790975017761
7790240097887
8057681880072
7790240072150
7790240072181
7790240017045
7790240025415
7790240140583
7808725401385
7808725402818
7808725401392
7808725402474
7808725402481
7808725400913
5601271004473
5601271004480
5601271019200
5601271004497
7312040017034
7891050000903
7896010004007
7893218000473
7898400890054
7898400890016
7898400890061
82184090442
80686006398
80686006077
80686001201
5010106111925
5000267013602
5000267014005
5000265001335
5000265101943
7896383700681
7896383700704
1229
3974
30000
30200
30300
30400
30600
8720400426966
8720400429752
8720400426997
7890010600047
7890010600054
7890010600023
7890010600061
7890010600030
7890010600108
7890010600085
7890010600153
7890010600139
7890010600177
7890010600146
7890010600214
7890010600160
7890010600191
7890010600252
7890010600207
7890010600283
7890010600290
7890010600306
7890010600276
7890010600344
7890010600351
7898601070019
7898335051292
7898335051285
7898335050516
7898335050318
7898335050356
7898335050639
851350001496
8500001540298
8500001542001
76452700324
682621319107
682621053940
682621035595
682621037162
682621320196
682621032105
682621320165
682621039562
107050170860
6000
1600
6001
851350001908
851350000994
7429457091066
814539011945
814539011983
814539012065
814539012928
OLV009
814539011440
70235103548
70235103951
70235103968
70235103517
107069260100
682621316137
682621316502
682621316519
JDN005
7898911411045
7898911411113
7898911411083
7898911411151
4000862922904
8416000706750
VF013
VF014
VF015
7610083215012
7898335052459
7898911411052
7898911411069
7898335052473
61900174680
61900177681
7898911411106
7898911411120
7898970421160
7898970421153
7898970421061
7898970421047
7898970421009
7898970421146
1148
7898967475077
7898545872243
7898903029203
7898903029111
7898903029142
7898903029128
78940611
7898994496519
7898952050050
7898920099616
7898929775016
7898929775016
7898929775016
78941564
7898168900071
7898168900057
7898168900064
5710840239700
5710840232275
5710840232336
5710840239731
5710840232305
7898963110279
7898967475008
7898967475039
7898967475053
7898994492825
7898963110156
7897414101071
4030700123101
7898952050067
7898952050104
7898952050111
7898546578120
7898994389811
7898956381136
7898956381167
7898546577123
7898309991029
7897414101378
7897414100197
4006396134479
742832614191
751320404435
606529006792
606529006815
700083378002
5707294188906
40232822445
7898634870129
7898956381204
7898634870051
7898956381105
5707294239394
5707294239363
7898994462040
7898994462026
7898994462095
7898659810070
7898994462019
3565847800024
609963489695
609963489725
609963489701
3565847800017
751320750952
7898546572210
78937567
78940727
735201119823
735201119908
735201119854
735201119847
735201119915
735201119816
735201119861
735201119830
7891008202014
7891008202021
735201119885
735203009016
735201119922
1809201520015
751320143341
6183412288700
7898297230056
7895263146608
7897414100579
7896255714679
7898948510254
7898132830021
7898957589029
78942202
7898953264029
798190187549
7894457843258
78942363
78942356
789584517403
7890535214552
78940178
78939851
7891058001117
736532806468
736532806451
736532806475
798190129150
798190129174
7898957589531
7898957589524
7898957589357
7898957589517
7898957589494
7898957589548
7898960653144
7898960653205
7898960653014
7898960653168
7898960653182
7898994570233
7898994570219
609963330591
7898915505122
7898915505016
7898994746041
7898994746010
3008
2061
2065
2060
2062
2068
2063
2064
2067
2066
7898994704911
742832674706
7895528117827
742832336086
7897425800031
7898994462088
7898994462064
4030700124054
4030700139560
7898994709817
609963288656
7898952050074
4002450223356
3352
4002450223509
3509
7898925219606
7898956381426
798190132754
7898994704966
7898994704973
7898994704959
618231966035
161
162
475
163
445
560
978
438
439
1323
1324
1325
7898923964355
TM0210
7898923964348
7891231202997
798190180151
5951
850661003403
850661003397
850661003410
BOX001
FG100
FG600
1037
CA13
TOK003
NC0004
852
853
HY0018
106
4014856000011
4006396157805
4006396157850
6995080807196
7898960207408
7898960207095
7898960207071
7898960207118
7898960207132
7898960207101
7898960207088
4014856040017
ROL4
ROL1
7898956381259
7898956381181
798190053165
798190053172
8414775001186
TN404
TNT401
7891232101008
DK3044

7898994704980
7898542851869
7892710860721
40232780936
40232780912
742832250511
40232898617
40232885501
798190191232
742832179577
742832179485
5089
7908271500690
7908271500713
7908271500751
7908271500737
7908271500652
7908271500928
7908271500935
7908271500942
7908271500911
7908271502304
7898994462033
7891239881019
7891239872055
7891239861004
12383429
12383405
12383887
12383368
12383344
12345564
798190180106
798190180113
798190180144
7898712240370
7891231231232
7891231231249
1234588
7891231901029
7891230030102
7891230040101
7891230020103
7891230010104
7891237301021
7891230701019
1270
22998835
22998828
5011988
5050
30104082
30112896
30156227
7898950283214
7898950283122
7898950283108
7898950283375
7898950283368
798190052984
798190052991
798190053004
798190053028
798190053011
798190053035
798190052960
798190052977
798190052953
2265
3565847800031
SL7200
TOK004
716165202486
0027A
0027B
19
18
7898915411010
7898915411041
742832800020
40232898655
742832250474
742832800143
798190191249
798190191287
742832250535
7898924491324
742832800129
40232780967
742832179508
742832800051
40232885464
742832250467
7908271501505
7908271501499
7898587325585
7908271500461
7908271501062
7908271501079
7908271501567
7908271500966
7908271500348
7908271500454
7908271500997
7908271501048
7908271501093
7908271500959
7898587320016
7898587320139
798190180083
798190008141
716165177777
716165177296
7898712240103
7898712240080
6932773980583
7898950283177
7898950283191
7898950283184
7898950283207
7898960207309
7898960207187
7898960207330
7898960207217
8642533
8640933
30118973
30054257
30043671
3057069225506
30119048
30052765
30119550
30104907
30068926
3057067628019
3057067622017
30074866
3057069223502
30118966
30058569
30119567
30104891
3057067625018
30107014
30135949
3057067336327
7898950283054
7898950283139
7898950283061
7898950283078
7898950283085
7898950283269
7898950283283
7898950283290
7898950283023
7898950283047
7898950283092
7898950283016
7898950283276
7898950283030
8437002773403
716165280972
716165280965
716165177357
716165177319
716165174172
716165174219
7908273028697
7908212174041
7908212174096
7908212174133
7908212174638
7908212174522
7908212174546
7908212174195
7908212174669
7908212174607
7908212174508
84157072
8414775013547
8414775013523
8414775013707
84195937
84190819
84190956
84190369
84157089
84196590
84196583
84196941
84157096
8414775015749
8414775015725
84196194
84190383
84157065
8414775017989
84157034
8414775019334
8414775019419
7898632113631
7898632113624
8646937
8646830
8649439
8649235
8647033
7908271500003
7908271500331
035SN
034SN
035C
034C
035S
034S
035T
034T
90002
90001
90003
080P
071L
071M
070L
070M
070P
8008
8005C
8005S
8005TR
007LA
007SDF
2004
2005PT
2005RX
32
1004S
4000
4005SDF
33
7898994704935
7891239905210
AT10371
TM0252
42042013
CNC6360
2720
4086
742832800082
742832800105
BR001
7898712240448
798190153667
798190175898
4435
7898950283115
7898950283405
YG001
798190187617